(kicad_pcb (version 20171130) (host pcbnew 5.1.8+dfsg1-1~bpo10+1)

  (general
    (thickness 1.6)
    (drawings 1)
    (tracks 293)
    (zones 0)
    (modules 81)
    (nets 88)
  )

  (page A4)
  (layers
    (0 F.Cu signal)
    (1 In1.Cu signal)
    (2 In2.Cu signal)
    (31 B.Cu signal)
    (32 B.Adhes user)
    (33 F.Adhes user)
    (34 B.Paste user)
    (35 F.Paste user)
    (36 B.SilkS user)
    (37 F.SilkS user)
    (38 B.Mask user)
    (39 F.Mask user)
    (40 Dwgs.User user)
    (41 Cmts.User user)
    (42 Eco1.User user)
    (43 Eco2.User user)
    (44 Edge.Cuts user)
    (45 Margin user)
    (46 B.CrtYd user)
    (47 F.CrtYd user)
    (48 B.Fab user hide)
    (49 F.Fab user hide)
  )

  (setup
    (last_trace_width 0.3)
    (user_trace_width 0.15)
    (user_trace_width 0.2)
    (user_trace_width 0.3)
    (user_trace_width 0.35)
    (user_trace_width 0.4)
    (trace_clearance 0.2)
    (zone_clearance 0)
    (zone_45_only no)
    (trace_min 0.15)
    (via_size 0.5)
    (via_drill 0.3)
    (via_min_size 0.4)
    (via_min_drill 0.3)
    (uvia_size 0.3)
    (uvia_drill 0.1)
    (uvias_allowed no)
    (uvia_min_size 0.2)
    (uvia_min_drill 0.1)
    (edge_width 0.05)
    (segment_width 0.2)
    (pcb_text_width 0.3)
    (pcb_text_size 1.5 1.5)
    (mod_edge_width 0.12)
    (mod_text_size 0.8 0.8)
    (mod_text_width 0.15)
    (pad_size 0.975 1.4)
    (pad_drill 0)
    (pad_to_mask_clearance 0.051)
    (solder_mask_min_width 0.25)
    (aux_axis_origin 0 0)
    (visible_elements 7FFFFFFF)
    (pcbplotparams
      (layerselection 0x010fc_ffffffff)
      (usegerberextensions false)
      (usegerberattributes false)
      (usegerberadvancedattributes false)
      (creategerberjobfile false)
      (excludeedgelayer true)
      (linewidth 0.100000)
      (plotframeref false)
      (viasonmask false)
      (mode 1)
      (useauxorigin false)
      (hpglpennumber 1)
      (hpglpenspeed 20)
      (hpglpendiameter 15.000000)
      (psnegative false)
      (psa4output false)
      (plotreference true)
      (plotvalue true)
      (plotinvisibletext false)
      (padsonsilk false)
      (subtractmaskfromsilk false)
      (outputformat 1)
      (mirror false)
      (drillshape 1)
      (scaleselection 1)
      (outputdirectory ""))
  )

  (net 0 "")
  (net 1 G0)
  (net 2 R0)
  (net 3 B0)
  (net 4 CH0)
  (net 5 G1)
  (net 6 R1)
  (net 7 B1)
  (net 8 G2)
  (net 9 R2)
  (net 10 B2)
  (net 11 G3)
  (net 12 R3)
  (net 13 B3)
  (net 14 G4)
  (net 15 R4)
  (net 16 B4)
  (net 17 G5)
  (net 18 R5)
  (net 19 B5)
  (net 20 G6)
  (net 21 B6)
  (net 22 R6)
  (net 23 G7)
  (net 24 B7)
  (net 25 R7)
  (net 26 CH1)
  (net 27 "Net-(BATI1-Pad2)")
  (net 28 "Net-(BATI1-Pad3)")
  (net 29 "Net-(BATI1-Pad1)")
  (net 30 VBUS)
  (net 31 GND)
  (net 32 "Net-(C1-Pad1)")
  (net 33 OSC32_IN)
  (net 34 OSC32_OUT)
  (net 35 +BATT)
  (net 36 -BATT)
  (net 37 NRST)
  (net 38 VCC)
  (net 39 Vled)
  (net 40 THERM)
  (net 41 "Net-(R2-Pad1)")
  (net 42 "Net-(R3-Pad1)")
  (net 43 I2C1_SDA)
  (net 44 I2C2_SCL)
  (net 45 "Net-(R8-Pad2)")
  (net 46 "Net-(R9-Pad2)")
  (net 47 "Net-(R10-Pad2)")
  (net 48 I2C2_SDA)
  (net 49 SWCLK)
  (net 50 "Net-(Rprog1-Pad2)")
  (net 51 VSEL1)
  (net 52 VSEL2)
  (net 53 VSEL3)
  (net 54 PG)
  (net 55 CTRL)
  (net 56 "Net-(L1-Pad1)")
  (net 57 "Net-(U3-Pad9)")
  (net 58 ALARMB)
  (net 59 SWDIO)
  (net 60 "Net-(U4-Pad17)")
  (net 61 "Net-(U4-Pad16)")
  (net 62 "Net-(U4-Pad15)")
  (net 63 INT2)
  (net 64 INT1)
  (net 65 S2)
  (net 66 S1)
  (net 67 "Net-(U4-Pad10)")
  (net 68 UART2_RX)
  (net 69 UART2_TX)
  (net 70 "Net-(U4-Pad7)")
  (net 71 "Net-(U4-Pad6)")
  (net 72 "Net-(U6-Pad16)")
  (net 73 "Net-(U6-Pad15)")
  (net 74 "Net-(U6-Pad13)")
  (net 75 "Net-(U6-Pad8)")
  (net 76 "Net-(U6-Pad3)")
  (net 77 "Net-(U6-Pad2)")
  (net 78 "Net-(C14-Pad2)")
  (net 79 "Net-(R15-Pad2)")
  (net 80 "Net-(R17-Pad1)")
  (net 81 IN_EN)
  (net 82 "Net-(FB1-Pad2)")
  (net 83 I2C1_SCL)
  (net 84 "Net-(J1-Pad6)")
  (net 85 "Net-(J1-Pad4)")
  (net 86 "Net-(J1-Pad3)")
  (net 87 "Net-(J1-Pad2)")

  (net_class Default "This is the default net class."
    (clearance 0.2)
    (trace_width 0.25)
    (via_dia 0.5)
    (via_drill 0.3)
    (uvia_dia 0.3)
    (uvia_drill 0.1)
    (add_net +BATT)
    (add_net -BATT)
    (add_net ALARMB)
    (add_net B0)
    (add_net B1)
    (add_net B2)
    (add_net B3)
    (add_net B4)
    (add_net B5)
    (add_net B6)
    (add_net B7)
    (add_net CH0)
    (add_net CH1)
    (add_net CTRL)
    (add_net G0)
    (add_net G1)
    (add_net G2)
    (add_net G3)
    (add_net G4)
    (add_net G5)
    (add_net G6)
    (add_net G7)
    (add_net GND)
    (add_net I2C1_SCL)
    (add_net I2C1_SDA)
    (add_net I2C2_SCL)
    (add_net I2C2_SDA)
    (add_net INT1)
    (add_net INT2)
    (add_net IN_EN)
    (add_net NRST)
    (add_net "Net-(BATI1-Pad1)")
    (add_net "Net-(BATI1-Pad2)")
    (add_net "Net-(BATI1-Pad3)")
    (add_net "Net-(C1-Pad1)")
    (add_net "Net-(C14-Pad2)")
    (add_net "Net-(FB1-Pad2)")
    (add_net "Net-(J1-Pad2)")
    (add_net "Net-(J1-Pad3)")
    (add_net "Net-(J1-Pad4)")
    (add_net "Net-(J1-Pad6)")
    (add_net "Net-(L1-Pad1)")
    (add_net "Net-(R10-Pad2)")
    (add_net "Net-(R15-Pad2)")
    (add_net "Net-(R17-Pad1)")
    (add_net "Net-(R2-Pad1)")
    (add_net "Net-(R3-Pad1)")
    (add_net "Net-(R8-Pad2)")
    (add_net "Net-(R9-Pad2)")
    (add_net "Net-(Rprog1-Pad2)")
    (add_net "Net-(U3-Pad9)")
    (add_net "Net-(U4-Pad10)")
    (add_net "Net-(U4-Pad15)")
    (add_net "Net-(U4-Pad16)")
    (add_net "Net-(U4-Pad17)")
    (add_net "Net-(U4-Pad6)")
    (add_net "Net-(U4-Pad7)")
    (add_net "Net-(U6-Pad13)")
    (add_net "Net-(U6-Pad15)")
    (add_net "Net-(U6-Pad16)")
    (add_net "Net-(U6-Pad2)")
    (add_net "Net-(U6-Pad3)")
    (add_net "Net-(U6-Pad8)")
    (add_net OSC32_IN)
    (add_net OSC32_OUT)
    (add_net PG)
    (add_net R0)
    (add_net R1)
    (add_net R2)
    (add_net R3)
    (add_net R4)
    (add_net R5)
    (add_net R6)
    (add_net R7)
    (add_net S1)
    (add_net S2)
    (add_net SWCLK)
    (add_net SWDIO)
    (add_net THERM)
    (add_net UART2_RX)
    (add_net UART2_TX)
    (add_net VBUS)
    (add_net VCC)
    (add_net VSEL1)
    (add_net VSEL2)
    (add_net VSEL3)
    (add_net Vled)
  )

  (module Resistor_SMD:R_0603_1608Metric (layer F.Cu) (tedit 5F68FEEE) (tstamp 5FCBE5F6)
    (at 175.275 84.5 180)
    (descr "Resistor SMD 0603 (1608 Metric), square (rectangular) end terminal, IPC_7351 nominal, (Body size source: IPC-SM-782 page 72, https://www.pcb-3d.com/wordpress/wp-content/uploads/ipc-sm-782a_amendment_1_and_2.pdf), generated with kicad-footprint-generator")
    (tags resistor)
    (path /5FA595B0)
    (attr smd)
    (fp_text reference TH1 (at 0 -1.43) (layer F.SilkS)
      (effects (font (size 1 1) (thickness 0.15)))
    )
    (fp_text value 10K_Thermistor_NTC (at 0 1.43) (layer F.Fab)
      (effects (font (size 1 1) (thickness 0.15)))
    )
    (fp_text user %R (at 0 0) (layer F.Fab)
      (effects (font (size 0.4 0.4) (thickness 0.06)))
    )
    (fp_line (start -0.8 0.4125) (end -0.8 -0.4125) (layer F.Fab) (width 0.1))
    (fp_line (start -0.8 -0.4125) (end 0.8 -0.4125) (layer F.Fab) (width 0.1))
    (fp_line (start 0.8 -0.4125) (end 0.8 0.4125) (layer F.Fab) (width 0.1))
    (fp_line (start 0.8 0.4125) (end -0.8 0.4125) (layer F.Fab) (width 0.1))
    (fp_line (start -0.237258 -0.5225) (end 0.237258 -0.5225) (layer F.SilkS) (width 0.12))
    (fp_line (start -0.237258 0.5225) (end 0.237258 0.5225) (layer F.SilkS) (width 0.12))
    (fp_line (start -1.48 0.73) (end -1.48 -0.73) (layer F.CrtYd) (width 0.05))
    (fp_line (start -1.48 -0.73) (end 1.48 -0.73) (layer F.CrtYd) (width 0.05))
    (fp_line (start 1.48 -0.73) (end 1.48 0.73) (layer F.CrtYd) (width 0.05))
    (fp_line (start 1.48 0.73) (end -1.48 0.73) (layer F.CrtYd) (width 0.05))
    (pad 2 smd roundrect (at 0.825 0 180) (size 0.8 0.95) (layers F.Cu F.Paste F.Mask) (roundrect_rratio 0.25)
      (net 40 THERM))
    (pad 1 smd roundrect (at -0.825 0 180) (size 0.8 0.95) (layers F.Cu F.Paste F.Mask) (roundrect_rratio 0.25)
      (net 31 GND))
    (model ${KISYS3DMOD}/Resistor_SMD.3dshapes/R_0603_1608Metric.wrl
      (at (xyz 0 0 0))
      (scale (xyz 1 1 1))
      (rotate (xyz 0 0 0))
    )
  )

  (module rgbwatch:QFN-32_EP_4.4x4.4_Pitch0.4mm (layer B.Cu) (tedit 0) (tstamp 5FCC2AC1)
    (at 175 74.933333 90)
    (path /5FA3AA69)
    (attr smd)
    (fp_text reference U1 (at 2.25 -4 -180) (layer B.SilkS)
      (effects (font (size 1 1) (thickness 0.15)) (justify mirror))
    )
    (fp_text value LP5024 (at 0 -3.75 -90) (layer B.Fab)
      (effects (font (size 1 1) (thickness 0.15)) (justify mirror))
    )
    (fp_line (start -2.75 -2.75) (end -2.75 2.75) (layer B.CrtYd) (width 0.05))
    (fp_line (start 2.75 -2.75) (end -2.75 -2.75) (layer B.CrtYd) (width 0.05))
    (fp_line (start 2.75 2.75) (end 2.75 -2.75) (layer B.CrtYd) (width 0.05))
    (fp_line (start -2.75 2.75) (end 2.75 2.75) (layer B.CrtYd) (width 0.05))
    (fp_line (start -1.8 2.35) (end -2.475 2.35) (layer B.SilkS) (width 0.12))
    (fp_line (start -2.35 -2.35) (end -2.35 -1.8) (layer B.SilkS) (width 0.12))
    (fp_line (start -1.8 -2.35) (end -2.35 -2.35) (layer B.SilkS) (width 0.12))
    (fp_line (start 2.35 -2.35) (end 2.35 -1.8) (layer B.SilkS) (width 0.12))
    (fp_line (start 1.8 -2.35) (end 2.35 -2.35) (layer B.SilkS) (width 0.12))
    (fp_line (start 2.35 2.35) (end 2.35 1.8) (layer B.SilkS) (width 0.12))
    (fp_line (start 1.8 2.35) (end 2.35 2.35) (layer B.SilkS) (width 0.12))
    (fp_line (start 2.2 2.2) (end -1.2 2.2) (layer B.Fab) (width 0.15))
    (fp_line (start 2.2 -2.2) (end 2.2 2.2) (layer B.Fab) (width 0.15))
    (fp_line (start -2.2 -2.2) (end 2.2 -2.2) (layer B.Fab) (width 0.15))
    (fp_line (start -2.2 1.2) (end -2.2 -2.2) (layer B.Fab) (width 0.15))
    (fp_line (start -1.2 2.2) (end -2.2 1.2) (layer B.Fab) (width 0.15))
    (pad 33 thru_hole circle (at 0.933333 0 90) (size 0.466666 0.466666) (drill 0.233333) (layers *.Cu *.Mask)
      (net 31 GND))
    (pad 33 thru_hole circle (at 0 0 90) (size 0.466666 0.466666) (drill 0.233333) (layers *.Cu *.Mask)
      (net 31 GND))
    (pad 33 thru_hole circle (at -0.933333 0 90) (size 0.466666 0.466666) (drill 0.233333) (layers *.Cu *.Mask)
      (net 31 GND))
    (pad 33 smd rect (at 0.933333 0 90) (size 0.933333 2.8) (layers B.Cu B.Paste B.Mask)
      (net 31 GND) (solder_paste_margin -0.75))
    (pad 33 smd rect (at 0 0 90) (size 0.933333 2.8) (layers B.Cu B.Paste B.Mask)
      (net 31 GND) (solder_paste_margin -0.75))
    (pad 33 smd rect (at -0.933333 0 90) (size 0.933333 2.8) (layers B.Cu B.Paste B.Mask)
      (net 31 GND) (solder_paste_margin -0.75))
    (pad 32 smd rect (at -1.4 1.925 90) (size 0.2 0.55) (layers B.Cu B.Paste B.Mask)
      (net 78 "Net-(C14-Pad2)"))
    (pad 31 smd rect (at -1 1.925 90) (size 0.2 0.55) (layers B.Cu B.Paste B.Mask)
      (net 79 "Net-(R15-Pad2)"))
    (pad 30 smd rect (at -0.6 1.925 90) (size 0.2 0.55) (layers B.Cu B.Paste B.Mask)
      (net 81 IN_EN))
    (pad 29 smd rect (at -0.2 1.925 90) (size 0.2 0.55) (layers B.Cu B.Paste B.Mask)
      (net 44 I2C2_SCL))
    (pad 28 smd rect (at 0.2 1.925 90) (size 0.2 0.55) (layers B.Cu B.Paste B.Mask)
      (net 48 I2C2_SDA))
    (pad 27 smd rect (at 0.6 1.925 90) (size 0.2 0.55) (layers B.Cu B.Paste B.Mask)
      (net 38 VCC))
    (pad 26 smd rect (at 1 1.925 90) (size 0.2 0.55) (layers B.Cu B.Paste B.Mask)
      (net 31 GND))
    (pad 25 smd rect (at 1.4 1.925 90) (size 0.2 0.55) (layers B.Cu B.Paste B.Mask)
      (net 31 GND))
    (pad 24 smd rect (at 1.925 1.4) (size 0.2 0.55) (layers B.Cu B.Paste B.Mask)
      (net 25 R7))
    (pad 23 smd rect (at 1.925 1) (size 0.2 0.55) (layers B.Cu B.Paste B.Mask)
      (net 23 G7))
    (pad 22 smd rect (at 1.925 0.6) (size 0.2 0.55) (layers B.Cu B.Paste B.Mask)
      (net 24 B7))
    (pad 21 smd rect (at 1.925 0.2) (size 0.2 0.55) (layers B.Cu B.Paste B.Mask)
      (net 22 R6))
    (pad 20 smd rect (at 1.925 -0.2) (size 0.2 0.55) (layers B.Cu B.Paste B.Mask)
      (net 20 G6))
    (pad 19 smd rect (at 1.925 -0.6) (size 0.2 0.55) (layers B.Cu B.Paste B.Mask)
      (net 21 B6))
    (pad 18 smd rect (at 1.925 -1) (size 0.2 0.55) (layers B.Cu B.Paste B.Mask)
      (net 18 R5))
    (pad 17 smd rect (at 1.925 -1.4) (size 0.2 0.55) (layers B.Cu B.Paste B.Mask)
      (net 17 G5))
    (pad 16 smd rect (at 1.4 -1.925 90) (size 0.2 0.55) (layers B.Cu B.Paste B.Mask)
      (net 19 B5))
    (pad 15 smd rect (at 1 -1.925 90) (size 0.2 0.55) (layers B.Cu B.Paste B.Mask)
      (net 15 R4))
    (pad 14 smd rect (at 0.6 -1.925 90) (size 0.2 0.55) (layers B.Cu B.Paste B.Mask)
      (net 14 G4))
    (pad 13 smd rect (at 0.2 -1.925 90) (size 0.2 0.55) (layers B.Cu B.Paste B.Mask)
      (net 16 B4))
    (pad 12 smd rect (at -0.2 -1.925 90) (size 0.2 0.55) (layers B.Cu B.Paste B.Mask)
      (net 12 R3))
    (pad 11 smd rect (at -0.6 -1.925 90) (size 0.2 0.55) (layers B.Cu B.Paste B.Mask)
      (net 11 G3))
    (pad 10 smd rect (at -1 -1.925 90) (size 0.2 0.55) (layers B.Cu B.Paste B.Mask)
      (net 13 B3))
    (pad 9 smd rect (at -1.4 -1.925 90) (size 0.2 0.55) (layers B.Cu B.Paste B.Mask)
      (net 9 R2))
    (pad 8 smd rect (at -1.925 -1.4) (size 0.2 0.55) (layers B.Cu B.Paste B.Mask)
      (net 8 G2))
    (pad 7 smd rect (at -1.925 -1) (size 0.2 0.55) (layers B.Cu B.Paste B.Mask)
      (net 10 B2))
    (pad 6 smd rect (at -1.925 -0.6) (size 0.2 0.55) (layers B.Cu B.Paste B.Mask)
      (net 6 R1))
    (pad 5 smd rect (at -1.925 -0.2) (size 0.2 0.55) (layers B.Cu B.Paste B.Mask)
      (net 5 G1))
    (pad 4 smd rect (at -1.925 0.2) (size 0.2 0.55) (layers B.Cu B.Paste B.Mask)
      (net 7 B1))
    (pad 3 smd rect (at -1.925 0.6) (size 0.2 0.55) (layers B.Cu B.Paste B.Mask)
      (net 2 R0))
    (pad 2 smd rect (at -1.925 1) (size 0.2 0.55) (layers B.Cu B.Paste B.Mask)
      (net 1 G0))
    (pad 1 smd rect (at -1.925 1.4) (size 0.2 0.55) (layers B.Cu B.Paste B.Mask)
      (net 3 B0))
  )

  (module rgbwatch:QFN-28_EP_5.3x5.3_Pitch0.5mm (layer F.Cu) (tedit 5FC75682) (tstamp 5FCC9848)
    (at 184.725 75.175 90)
    (path /5FA2E7BC)
    (attr smd)
    (fp_text reference U4 (at 2.025 -3.725 90) (layer F.SilkS)
      (effects (font (size 1 1) (thickness 0.15)))
    )
    (fp_text value STM32G071GBU6N (at 0 4.2 90) (layer F.Fab)
      (effects (font (size 1 1) (thickness 0.15)))
    )
    (fp_line (start -1.65 -2.65) (end -2.65 -1.65) (layer F.Fab) (width 0.15))
    (fp_line (start -2.65 -1.65) (end -2.65 2.65) (layer F.Fab) (width 0.15))
    (fp_line (start -2.65 2.65) (end 2.65 2.65) (layer F.Fab) (width 0.15))
    (fp_line (start 2.65 2.65) (end 2.65 -2.65) (layer F.Fab) (width 0.15))
    (fp_line (start 2.65 -2.65) (end -1.65 -2.65) (layer F.Fab) (width 0.15))
    (fp_line (start 2 -2.8) (end 2.8 -2.8) (layer F.SilkS) (width 0.12))
    (fp_line (start 2.8 -2.8) (end 2.8 -2) (layer F.SilkS) (width 0.12))
    (fp_line (start 2 2.8) (end 2.8 2.8) (layer F.SilkS) (width 0.12))
    (fp_line (start 2.8 2.8) (end 2.8 2) (layer F.SilkS) (width 0.12))
    (fp_line (start -2 2.8) (end -2.8 2.8) (layer F.SilkS) (width 0.12))
    (fp_line (start -2.8 2.8) (end -2.8 2) (layer F.SilkS) (width 0.12))
    (fp_line (start -2 -2.8) (end -2.95 -2.8) (layer F.SilkS) (width 0.12))
    (fp_line (start -3.2 -3.2) (end 3.2 -3.2) (layer F.CrtYd) (width 0.05))
    (fp_line (start 3.2 -3.2) (end 3.2 3.2) (layer F.CrtYd) (width 0.05))
    (fp_line (start 3.2 3.2) (end -3.2 3.2) (layer F.CrtYd) (width 0.05))
    (fp_line (start -3.2 3.2) (end -3.2 -3.2) (layer F.CrtYd) (width 0.05))
    (pad 1 smd rect (at -2.35 -1.5 180) (size 0.3 0.6) (layers F.Cu F.Paste F.Mask)
      (net 33 OSC32_IN))
    (pad 2 smd rect (at -2.35 -1 180) (size 0.3 0.6) (layers F.Cu F.Paste F.Mask)
      (net 34 OSC32_OUT))
    (pad 3 smd rect (at -2.35 -0.5 180) (size 0.3 0.6) (layers F.Cu F.Paste F.Mask)
      (net 38 VCC))
    (pad 4 smd rect (at -2.35 0 180) (size 0.3 0.6) (layers F.Cu F.Paste F.Mask)
      (net 31 GND))
    (pad 5 smd rect (at -2.35 0.5 180) (size 0.3 0.6) (layers F.Cu F.Paste F.Mask)
      (net 37 NRST))
    (pad 6 smd rect (at -2.35 1 180) (size 0.3 0.6) (layers F.Cu F.Paste F.Mask)
      (net 71 "Net-(U4-Pad6)"))
    (pad 7 smd rect (at -2.35 1.5 180) (size 0.3 0.6) (layers F.Cu F.Paste F.Mask)
      (net 70 "Net-(U4-Pad7)"))
    (pad 8 smd rect (at -1.5 2.35 90) (size 0.3 0.6) (layers F.Cu F.Paste F.Mask)
      (net 69 UART2_TX))
    (pad 9 smd rect (at -1 2.35 90) (size 0.3 0.6) (layers F.Cu F.Paste F.Mask)
      (net 68 UART2_RX))
    (pad 10 smd rect (at -0.5 2.35 90) (size 0.3 0.6) (layers F.Cu F.Paste F.Mask)
      (net 67 "Net-(U4-Pad10)"))
    (pad 11 smd rect (at 0 2.35 90) (size 0.3 0.6) (layers F.Cu F.Paste F.Mask)
      (net 66 S1))
    (pad 12 smd rect (at 0.5 2.35 90) (size 0.3 0.6) (layers F.Cu F.Paste F.Mask)
      (net 65 S2))
    (pad 13 smd rect (at 1 2.35 90) (size 0.3 0.6) (layers F.Cu F.Paste F.Mask)
      (net 64 INT1))
    (pad 14 smd rect (at 1.5 2.35 90) (size 0.3 0.6) (layers F.Cu F.Paste F.Mask)
      (net 63 INT2))
    (pad 15 smd rect (at 2.35 1.5 180) (size 0.3 0.6) (layers F.Cu F.Paste F.Mask)
      (net 62 "Net-(U4-Pad15)"))
    (pad 16 smd rect (at 2.35 1 180) (size 0.3 0.6) (layers F.Cu F.Paste F.Mask)
      (net 61 "Net-(U4-Pad16)"))
    (pad 17 smd rect (at 2.35 0.5 180) (size 0.3 0.6) (layers F.Cu F.Paste F.Mask)
      (net 60 "Net-(U4-Pad17)"))
    (pad 18 smd rect (at 2.35 0 180) (size 0.3 0.6) (layers F.Cu F.Paste F.Mask)
      (net 48 I2C2_SDA))
    (pad 19 smd rect (at 2.35 -0.5 180) (size 0.3 0.6) (layers F.Cu F.Paste F.Mask)
      (net 44 I2C2_SCL))
    (pad 20 smd rect (at 2.35 -1 180) (size 0.3 0.6) (layers F.Cu F.Paste F.Mask)
      (net 59 SWDIO))
    (pad 21 smd rect (at 2.35 -1.5 180) (size 0.3 0.6) (layers F.Cu F.Paste F.Mask)
      (net 49 SWCLK))
    (pad 22 smd rect (at 1.5 -2.35 90) (size 0.3 0.6) (layers F.Cu F.Paste F.Mask)
      (net 53 VSEL3))
    (pad 23 smd rect (at 1 -2.35 90) (size 0.3 0.6) (layers F.Cu F.Paste F.Mask)
      (net 52 VSEL2))
    (pad 24 smd rect (at 0.5 -2.35 90) (size 0.3 0.6) (layers F.Cu F.Paste F.Mask)
      (net 51 VSEL1))
    (pad 25 smd rect (at 0 -2.35 90) (size 0.3 0.6) (layers F.Cu F.Paste F.Mask)
      (net 55 CTRL))
    (pad 26 smd rect (at -0.5 -2.35 90) (size 0.3 0.6) (layers F.Cu F.Paste F.Mask)
      (net 83 I2C1_SCL))
    (pad 27 smd rect (at -1 -2.35 90) (size 0.3 0.6) (layers F.Cu F.Paste F.Mask)
      (net 43 I2C1_SDA))
    (pad 28 smd rect (at -1.5 -2.35 90) (size 0.3 0.6) (layers F.Cu F.Paste F.Mask)
      (net 58 ALARMB))
    (pad 29 smd rect (at -1.125 -1.125 90) (size 0.75 0.75) (layers F.Cu F.Paste F.Mask)
      (solder_paste_margin -0.75))
    (pad 29 smd rect (at -1.125 -0.375 90) (size 0.75 0.75) (layers F.Cu F.Paste F.Mask)
      (solder_paste_margin -0.75))
    (pad 29 smd rect (at -1.125 0.375 90) (size 0.75 0.75) (layers F.Cu F.Paste F.Mask)
      (solder_paste_margin -0.75))
    (pad 29 smd rect (at -1.125 1.125 90) (size 0.75 0.75) (layers F.Cu F.Paste F.Mask)
      (solder_paste_margin -0.75))
    (pad 29 smd rect (at -0.375 -1.125 90) (size 0.75 0.75) (layers F.Cu F.Paste F.Mask)
      (solder_paste_margin -0.75))
    (pad 29 smd rect (at -0.375 -0.375 90) (size 0.75 0.75) (layers F.Cu F.Paste F.Mask)
      (solder_paste_margin -0.75))
    (pad 29 smd rect (at -0.375 0.375 90) (size 0.75 0.75) (layers F.Cu F.Paste F.Mask)
      (solder_paste_margin -0.75))
    (pad 29 smd rect (at -0.375 1.125 90) (size 0.75 0.75) (layers F.Cu F.Paste F.Mask)
      (solder_paste_margin -0.75))
    (pad 29 smd rect (at 0.375 -1.125 90) (size 0.75 0.75) (layers F.Cu F.Paste F.Mask)
      (solder_paste_margin -0.75))
    (pad 29 smd rect (at 0.375 -0.375 90) (size 0.75 0.75) (layers F.Cu F.Paste F.Mask)
      (solder_paste_margin -0.75))
    (pad 29 smd rect (at 0.375 0.375 90) (size 0.75 0.75) (layers F.Cu F.Paste F.Mask)
      (solder_paste_margin -0.75))
    (pad 29 smd rect (at 0.375 1.125 90) (size 0.75 0.75) (layers F.Cu F.Paste F.Mask)
      (solder_paste_margin -0.75))
    (pad 29 smd rect (at 1.125 -1.125 90) (size 0.75 0.75) (layers F.Cu F.Paste F.Mask)
      (solder_paste_margin -0.75))
    (pad 29 smd rect (at 1.125 -0.375 90) (size 0.75 0.75) (layers F.Cu F.Paste F.Mask)
      (solder_paste_margin -0.75))
    (pad 29 smd rect (at 1.125 0.375 90) (size 0.75 0.75) (layers F.Cu F.Paste F.Mask)
      (solder_paste_margin -0.75))
    (pad 29 smd rect (at 1.125 1.125 90) (size 0.75 0.75) (layers F.Cu F.Paste F.Mask)
      (solder_paste_margin -0.75))
  )

  (module Resistor_SMD:R_0402_1005Metric (layer F.Cu) (tedit 5F68FEEE) (tstamp 5FCE06A1)
    (at 179.6 82.6 180)
    (descr "Resistor SMD 0402 (1005 Metric), square (rectangular) end terminal, IPC_7351 nominal, (Body size source: IPC-SM-782 page 72, https://www.pcb-3d.com/wordpress/wp-content/uploads/ipc-sm-782a_amendment_1_and_2.pdf), generated with kicad-footprint-generator")
    (tags resistor)
    (path /5FF1B4FE)
    (attr smd)
    (fp_text reference R21 (at 0 -1.17) (layer F.SilkS)
      (effects (font (size 1 1) (thickness 0.15)))
    )
    (fp_text value 10K (at 0 1.17) (layer F.Fab)
      (effects (font (size 1 1) (thickness 0.15)))
    )
    (fp_text user %R (at 0 0) (layer F.Fab)
      (effects (font (size 0.26 0.26) (thickness 0.04)))
    )
    (fp_line (start -0.525 0.27) (end -0.525 -0.27) (layer F.Fab) (width 0.1))
    (fp_line (start -0.525 -0.27) (end 0.525 -0.27) (layer F.Fab) (width 0.1))
    (fp_line (start 0.525 -0.27) (end 0.525 0.27) (layer F.Fab) (width 0.1))
    (fp_line (start 0.525 0.27) (end -0.525 0.27) (layer F.Fab) (width 0.1))
    (fp_line (start -0.153641 -0.38) (end 0.153641 -0.38) (layer F.SilkS) (width 0.12))
    (fp_line (start -0.153641 0.38) (end 0.153641 0.38) (layer F.SilkS) (width 0.12))
    (fp_line (start -0.93 0.47) (end -0.93 -0.47) (layer F.CrtYd) (width 0.05))
    (fp_line (start -0.93 -0.47) (end 0.93 -0.47) (layer F.CrtYd) (width 0.05))
    (fp_line (start 0.93 -0.47) (end 0.93 0.47) (layer F.CrtYd) (width 0.05))
    (fp_line (start 0.93 0.47) (end -0.93 0.47) (layer F.CrtYd) (width 0.05))
    (pad 2 smd roundrect (at 0.51 0 180) (size 0.54 0.64) (layers F.Cu F.Paste F.Mask) (roundrect_rratio 0.25)
      (net 55 CTRL))
    (pad 1 smd roundrect (at -0.51 0 180) (size 0.54 0.64) (layers F.Cu F.Paste F.Mask) (roundrect_rratio 0.25)
      (net 31 GND))
    (model ${KISYS3DMOD}/Resistor_SMD.3dshapes/R_0402_1005Metric.wrl
      (at (xyz 0 0 0))
      (scale (xyz 1 1 1))
      (rotate (xyz 0 0 0))
    )
  )

  (module rgbwatch:WDFN-8 (layer B.Cu) (tedit 5FA3A7EB) (tstamp 5FCDE89B)
    (at 175.35 79.51)
    (path /5FA423DE)
    (fp_text reference U3 (at 0.1 2.29) (layer B.SilkS)
      (effects (font (size 1 1) (thickness 0.15)) (justify mirror))
    )
    (fp_text value LC709203FQH−01TWG (at 0 4.1) (layer B.Fab)
      (effects (font (size 1 1) (thickness 0.15)) (justify mirror))
    )
    (fp_line (start -2.6 1.5) (end -2.6 -1.05) (layer B.Fab) (width 0.12))
    (fp_line (start -2.6 -1.05) (end 2.6 -1.05) (layer B.Fab) (width 0.12))
    (fp_line (start 2.6 -1.05) (end 2.6 1.5) (layer B.Fab) (width 0.12))
    (fp_line (start 2.6 1.5) (end -2.6 1.5) (layer B.Fab) (width 0.12))
    (fp_line (start -2.6 1.5) (end -1.8 1.5) (layer B.SilkS) (width 0.12))
    (fp_line (start -1.8 -1) (end 1.8 -1) (layer B.SilkS) (width 0.12))
    (fp_line (start -3 1.8) (end -3 -1.4) (layer B.CrtYd) (width 0.12))
    (fp_line (start -3 -1.4) (end 3 -1.4) (layer B.CrtYd) (width 0.12))
    (fp_line (start 3 -1.4) (end 3 1.8) (layer B.CrtYd) (width 0.12))
    (fp_line (start 3 1.8) (end -3 1.8) (layer B.CrtYd) (width 0.12))
    (pad 5 smd rect (at 2.15 -0.75 180) (size 0.7 0.35) (layers B.Cu B.Paste B.Mask)
      (net 42 "Net-(R3-Pad1)"))
    (pad 6 smd rect (at 2.15 -0.1 180) (size 0.7 0.35) (layers B.Cu B.Paste B.Mask)
      (net 41 "Net-(R2-Pad1)"))
    (pad 7 smd rect (at 2.15 0.55 180) (size 0.7 0.35) (layers B.Cu B.Paste B.Mask)
      (net 43 I2C1_SDA))
    (pad 8 smd rect (at 2.15 1.2 180) (size 0.7 0.35) (layers B.Cu B.Paste B.Mask)
      (net 83 I2C1_SCL))
    (pad 2 smd rect (at -2.15 0.55 180) (size 0.7 0.35) (layers B.Cu B.Paste B.Mask)
      (net 36 -BATT))
    (pad 4 smd rect (at -2.15 -0.75 180) (size 0.7 0.35) (layers B.Cu B.Paste B.Mask)
      (net 36 -BATT))
    (pad 1 smd rect (at -2.15 1.2 180) (size 0.7 0.35) (layers B.Cu B.Paste B.Mask)
      (net 36 -BATT))
    (pad 3 smd rect (at -2.15 -0.1 180) (size 0.7 0.35) (layers B.Cu B.Paste B.Mask)
      (net 35 +BATT))
    (pad 9 smd rect (at 0 0.24 90) (size 1.9 2.5) (layers B.Cu B.Paste B.Mask)
      (net 57 "Net-(U3-Pad9)"))
  )

  (module Resistor_SMD:R_0402_1005Metric (layer F.Cu) (tedit 5F68FEEE) (tstamp 5FCBE5E5)
    (at 165.14 67.5)
    (descr "Resistor SMD 0402 (1005 Metric), square (rectangular) end terminal, IPC_7351 nominal, (Body size source: IPC-SM-782 page 72, https://www.pcb-3d.com/wordpress/wp-content/uploads/ipc-sm-782a_amendment_1_and_2.pdf), generated with kicad-footprint-generator")
    (tags resistor)
    (path /5FA8A81E)
    (attr smd)
    (fp_text reference Rprog1 (at 0 -1.17) (layer F.SilkS)
      (effects (font (size 1 1) (thickness 0.15)))
    )
    (fp_text value 10K (at 0 1.17) (layer F.Fab)
      (effects (font (size 1 1) (thickness 0.15)))
    )
    (fp_text user %R (at 0 0) (layer F.Fab)
      (effects (font (size 0.26 0.26) (thickness 0.04)))
    )
    (fp_line (start -0.525 0.27) (end -0.525 -0.27) (layer F.Fab) (width 0.1))
    (fp_line (start -0.525 -0.27) (end 0.525 -0.27) (layer F.Fab) (width 0.1))
    (fp_line (start 0.525 -0.27) (end 0.525 0.27) (layer F.Fab) (width 0.1))
    (fp_line (start 0.525 0.27) (end -0.525 0.27) (layer F.Fab) (width 0.1))
    (fp_line (start -0.153641 -0.38) (end 0.153641 -0.38) (layer F.SilkS) (width 0.12))
    (fp_line (start -0.153641 0.38) (end 0.153641 0.38) (layer F.SilkS) (width 0.12))
    (fp_line (start -0.93 0.47) (end -0.93 -0.47) (layer F.CrtYd) (width 0.05))
    (fp_line (start -0.93 -0.47) (end 0.93 -0.47) (layer F.CrtYd) (width 0.05))
    (fp_line (start 0.93 -0.47) (end 0.93 0.47) (layer F.CrtYd) (width 0.05))
    (fp_line (start 0.93 0.47) (end -0.93 0.47) (layer F.CrtYd) (width 0.05))
    (pad 2 smd roundrect (at 0.51 0) (size 0.54 0.64) (layers F.Cu F.Paste F.Mask) (roundrect_rratio 0.25)
      (net 50 "Net-(Rprog1-Pad2)"))
    (pad 1 smd roundrect (at -0.51 0) (size 0.54 0.64) (layers F.Cu F.Paste F.Mask) (roundrect_rratio 0.25)
      (net 31 GND))
    (model ${KISYS3DMOD}/Resistor_SMD.3dshapes/R_0402_1005Metric.wrl
      (at (xyz 0 0 0))
      (scale (xyz 1 1 1))
      (rotate (xyz 0 0 0))
    )
  )

  (module Resistor_SMD:R_0402_1005Metric (layer B.Cu) (tedit 5F68FEEE) (tstamp 5FCBE5D4)
    (at 164.29 77.15)
    (descr "Resistor SMD 0402 (1005 Metric), square (rectangular) end terminal, IPC_7351 nominal, (Body size source: IPC-SM-782 page 72, https://www.pcb-3d.com/wordpress/wp-content/uploads/ipc-sm-782a_amendment_1_and_2.pdf), generated with kicad-footprint-generator")
    (tags resistor)
    (path /5FD69596)
    (attr smd)
    (fp_text reference R20 (at 0.05 -2.3 180) (layer B.SilkS)
      (effects (font (size 1 1) (thickness 0.15)) (justify mirror))
    )
    (fp_text value 10K (at 0 -1.17 180) (layer B.Fab)
      (effects (font (size 1 1) (thickness 0.15)) (justify mirror))
    )
    (fp_text user %R (at 0 0 180) (layer B.Fab)
      (effects (font (size 0.26 0.26) (thickness 0.04)) (justify mirror))
    )
    (fp_line (start -0.525 -0.27) (end -0.525 0.27) (layer B.Fab) (width 0.1))
    (fp_line (start -0.525 0.27) (end 0.525 0.27) (layer B.Fab) (width 0.1))
    (fp_line (start 0.525 0.27) (end 0.525 -0.27) (layer B.Fab) (width 0.1))
    (fp_line (start 0.525 -0.27) (end -0.525 -0.27) (layer B.Fab) (width 0.1))
    (fp_line (start -0.153641 0.38) (end 0.153641 0.38) (layer B.SilkS) (width 0.12))
    (fp_line (start -0.153641 -0.38) (end 0.153641 -0.38) (layer B.SilkS) (width 0.12))
    (fp_line (start -0.93 -0.47) (end -0.93 0.47) (layer B.CrtYd) (width 0.05))
    (fp_line (start -0.93 0.47) (end 0.93 0.47) (layer B.CrtYd) (width 0.05))
    (fp_line (start 0.93 0.47) (end 0.93 -0.47) (layer B.CrtYd) (width 0.05))
    (fp_line (start 0.93 -0.47) (end -0.93 -0.47) (layer B.CrtYd) (width 0.05))
    (pad 2 smd roundrect (at 0.51 0) (size 0.54 0.64) (layers B.Cu B.Paste B.Mask) (roundrect_rratio 0.25)
      (net 31 GND))
    (pad 1 smd roundrect (at -0.51 0) (size 0.54 0.64) (layers B.Cu B.Paste B.Mask) (roundrect_rratio 0.25)
      (net 65 S2))
    (model ${KISYS3DMOD}/Resistor_SMD.3dshapes/R_0402_1005Metric.wrl
      (at (xyz 0 0 0))
      (scale (xyz 1 1 1))
      (rotate (xyz 0 0 0))
    )
  )

  (module Resistor_SMD:R_0402_1005Metric (layer B.Cu) (tedit 5F68FEEE) (tstamp 5FCBE5C3)
    (at 168.25 77.2 180)
    (descr "Resistor SMD 0402 (1005 Metric), square (rectangular) end terminal, IPC_7351 nominal, (Body size source: IPC-SM-782 page 72, https://www.pcb-3d.com/wordpress/wp-content/uploads/ipc-sm-782a_amendment_1_and_2.pdf), generated with kicad-footprint-generator")
    (tags resistor)
    (path /5FD68C88)
    (attr smd)
    (fp_text reference R19 (at -0.05 -1.05) (layer B.SilkS)
      (effects (font (size 1 1) (thickness 0.15)) (justify mirror))
    )
    (fp_text value 10K (at 0 -1.17) (layer B.Fab)
      (effects (font (size 1 1) (thickness 0.15)) (justify mirror))
    )
    (fp_text user %R (at 0 0) (layer B.Fab)
      (effects (font (size 0.26 0.26) (thickness 0.04)) (justify mirror))
    )
    (fp_line (start -0.525 -0.27) (end -0.525 0.27) (layer B.Fab) (width 0.1))
    (fp_line (start -0.525 0.27) (end 0.525 0.27) (layer B.Fab) (width 0.1))
    (fp_line (start 0.525 0.27) (end 0.525 -0.27) (layer B.Fab) (width 0.1))
    (fp_line (start 0.525 -0.27) (end -0.525 -0.27) (layer B.Fab) (width 0.1))
    (fp_line (start -0.153641 0.38) (end 0.153641 0.38) (layer B.SilkS) (width 0.12))
    (fp_line (start -0.153641 -0.38) (end 0.153641 -0.38) (layer B.SilkS) (width 0.12))
    (fp_line (start -0.93 -0.47) (end -0.93 0.47) (layer B.CrtYd) (width 0.05))
    (fp_line (start -0.93 0.47) (end 0.93 0.47) (layer B.CrtYd) (width 0.05))
    (fp_line (start 0.93 0.47) (end 0.93 -0.47) (layer B.CrtYd) (width 0.05))
    (fp_line (start 0.93 -0.47) (end -0.93 -0.47) (layer B.CrtYd) (width 0.05))
    (pad 2 smd roundrect (at 0.51 0 180) (size 0.54 0.64) (layers B.Cu B.Paste B.Mask) (roundrect_rratio 0.25)
      (net 31 GND))
    (pad 1 smd roundrect (at -0.51 0 180) (size 0.54 0.64) (layers B.Cu B.Paste B.Mask) (roundrect_rratio 0.25)
      (net 66 S1))
    (model ${KISYS3DMOD}/Resistor_SMD.3dshapes/R_0402_1005Metric.wrl
      (at (xyz 0 0 0))
      (scale (xyz 1 1 1))
      (rotate (xyz 0 0 0))
    )
  )

  (module Resistor_SMD:R_0402_1005Metric (layer F.Cu) (tedit 5F68FEEE) (tstamp 5FCBE5B2)
    (at 179.54 85.5)
    (descr "Resistor SMD 0402 (1005 Metric), square (rectangular) end terminal, IPC_7351 nominal, (Body size source: IPC-SM-782 page 72, https://www.pcb-3d.com/wordpress/wp-content/uploads/ipc-sm-782a_amendment_1_and_2.pdf), generated with kicad-footprint-generator")
    (tags resistor)
    (path /5FEDEE6F)
    (attr smd)
    (fp_text reference R18 (at 0 -1.17) (layer F.SilkS)
      (effects (font (size 1 1) (thickness 0.15)))
    )
    (fp_text value IN_EN (at 0 1.17) (layer F.Fab)
      (effects (font (size 1 1) (thickness 0.15)))
    )
    (fp_text user %R (at 0 0) (layer F.Fab)
      (effects (font (size 0.26 0.26) (thickness 0.04)))
    )
    (fp_line (start -0.525 0.27) (end -0.525 -0.27) (layer F.Fab) (width 0.1))
    (fp_line (start -0.525 -0.27) (end 0.525 -0.27) (layer F.Fab) (width 0.1))
    (fp_line (start 0.525 -0.27) (end 0.525 0.27) (layer F.Fab) (width 0.1))
    (fp_line (start 0.525 0.27) (end -0.525 0.27) (layer F.Fab) (width 0.1))
    (fp_line (start -0.153641 -0.38) (end 0.153641 -0.38) (layer F.SilkS) (width 0.12))
    (fp_line (start -0.153641 0.38) (end 0.153641 0.38) (layer F.SilkS) (width 0.12))
    (fp_line (start -0.93 0.47) (end -0.93 -0.47) (layer F.CrtYd) (width 0.05))
    (fp_line (start -0.93 -0.47) (end 0.93 -0.47) (layer F.CrtYd) (width 0.05))
    (fp_line (start 0.93 -0.47) (end 0.93 0.47) (layer F.CrtYd) (width 0.05))
    (fp_line (start 0.93 0.47) (end -0.93 0.47) (layer F.CrtYd) (width 0.05))
    (pad 2 smd roundrect (at 0.51 0) (size 0.54 0.64) (layers F.Cu F.Paste F.Mask) (roundrect_rratio 0.25)
      (net 38 VCC))
    (pad 1 smd roundrect (at -0.51 0) (size 0.54 0.64) (layers F.Cu F.Paste F.Mask) (roundrect_rratio 0.25)
      (net 81 IN_EN))
    (model ${KISYS3DMOD}/Resistor_SMD.3dshapes/R_0402_1005Metric.wrl
      (at (xyz 0 0 0))
      (scale (xyz 1 1 1))
      (rotate (xyz 0 0 0))
    )
  )

  (module Resistor_SMD:R_0402_1005Metric (layer F.Cu) (tedit 5F68FEEE) (tstamp 5FCEFE18)
    (at 183.8 70.64 270)
    (descr "Resistor SMD 0402 (1005 Metric), square (rectangular) end terminal, IPC_7351 nominal, (Body size source: IPC-SM-782 page 72, https://www.pcb-3d.com/wordpress/wp-content/uploads/ipc-sm-782a_amendment_1_and_2.pdf), generated with kicad-footprint-generator")
    (tags resistor)
    (path /5FE80653)
    (attr smd)
    (fp_text reference R16 (at 0.01 1.2 90) (layer F.SilkS)
      (effects (font (size 1 1) (thickness 0.15)))
    )
    (fp_text value 4.7K (at 0 1.17 90) (layer F.Fab)
      (effects (font (size 1 1) (thickness 0.15)))
    )
    (fp_text user %R (at 0 0 90) (layer F.Fab)
      (effects (font (size 0.26 0.26) (thickness 0.04)))
    )
    (fp_line (start -0.525 0.27) (end -0.525 -0.27) (layer F.Fab) (width 0.1))
    (fp_line (start -0.525 -0.27) (end 0.525 -0.27) (layer F.Fab) (width 0.1))
    (fp_line (start 0.525 -0.27) (end 0.525 0.27) (layer F.Fab) (width 0.1))
    (fp_line (start 0.525 0.27) (end -0.525 0.27) (layer F.Fab) (width 0.1))
    (fp_line (start -0.153641 -0.38) (end 0.153641 -0.38) (layer F.SilkS) (width 0.12))
    (fp_line (start -0.153641 0.38) (end 0.153641 0.38) (layer F.SilkS) (width 0.12))
    (fp_line (start -0.93 0.47) (end -0.93 -0.47) (layer F.CrtYd) (width 0.05))
    (fp_line (start -0.93 -0.47) (end 0.93 -0.47) (layer F.CrtYd) (width 0.05))
    (fp_line (start 0.93 -0.47) (end 0.93 0.47) (layer F.CrtYd) (width 0.05))
    (fp_line (start 0.93 0.47) (end -0.93 0.47) (layer F.CrtYd) (width 0.05))
    (pad 2 smd roundrect (at 0.51 0 270) (size 0.54 0.64) (layers F.Cu F.Paste F.Mask) (roundrect_rratio 0.25)
      (net 44 I2C2_SCL))
    (pad 1 smd roundrect (at -0.51 0 270) (size 0.54 0.64) (layers F.Cu F.Paste F.Mask) (roundrect_rratio 0.25)
      (net 38 VCC))
    (model ${KISYS3DMOD}/Resistor_SMD.3dshapes/R_0402_1005Metric.wrl
      (at (xyz 0 0 0))
      (scale (xyz 1 1 1))
      (rotate (xyz 0 0 0))
    )
  )

  (module Resistor_SMD:R_0402_1005Metric (layer F.Cu) (tedit 5F68FEEE) (tstamp 5FCBE570)
    (at 186.44 83.8 180)
    (descr "Resistor SMD 0402 (1005 Metric), square (rectangular) end terminal, IPC_7351 nominal, (Body size source: IPC-SM-782 page 72, https://www.pcb-3d.com/wordpress/wp-content/uploads/ipc-sm-782a_amendment_1_and_2.pdf), generated with kicad-footprint-generator")
    (tags resistor)
    (path /5FE6E4F4)
    (attr smd)
    (fp_text reference R15 (at 0 -1.17) (layer F.SilkS)
      (effects (font (size 1 1) (thickness 0.15)))
    )
    (fp_text value IREF (at 0 1.17) (layer F.Fab)
      (effects (font (size 1 1) (thickness 0.15)))
    )
    (fp_text user %R (at 0 0) (layer F.Fab)
      (effects (font (size 0.26 0.26) (thickness 0.04)))
    )
    (fp_line (start -0.525 0.27) (end -0.525 -0.27) (layer F.Fab) (width 0.1))
    (fp_line (start -0.525 -0.27) (end 0.525 -0.27) (layer F.Fab) (width 0.1))
    (fp_line (start 0.525 -0.27) (end 0.525 0.27) (layer F.Fab) (width 0.1))
    (fp_line (start 0.525 0.27) (end -0.525 0.27) (layer F.Fab) (width 0.1))
    (fp_line (start -0.153641 -0.38) (end 0.153641 -0.38) (layer F.SilkS) (width 0.12))
    (fp_line (start -0.153641 0.38) (end 0.153641 0.38) (layer F.SilkS) (width 0.12))
    (fp_line (start -0.93 0.47) (end -0.93 -0.47) (layer F.CrtYd) (width 0.05))
    (fp_line (start -0.93 -0.47) (end 0.93 -0.47) (layer F.CrtYd) (width 0.05))
    (fp_line (start 0.93 -0.47) (end 0.93 0.47) (layer F.CrtYd) (width 0.05))
    (fp_line (start 0.93 0.47) (end -0.93 0.47) (layer F.CrtYd) (width 0.05))
    (pad 2 smd roundrect (at 0.51 0 180) (size 0.54 0.64) (layers F.Cu F.Paste F.Mask) (roundrect_rratio 0.25)
      (net 79 "Net-(R15-Pad2)"))
    (pad 1 smd roundrect (at -0.51 0 180) (size 0.54 0.64) (layers F.Cu F.Paste F.Mask) (roundrect_rratio 0.25)
      (net 31 GND))
    (model ${KISYS3DMOD}/Resistor_SMD.3dshapes/R_0402_1005Metric.wrl
      (at (xyz 0 0 0))
      (scale (xyz 1 1 1))
      (rotate (xyz 0 0 0))
    )
  )

  (module Resistor_SMD:R_0402_1005Metric (layer F.Cu) (tedit 5F68FEEE) (tstamp 5FCEFE48)
    (at 184.9 70.61 270)
    (descr "Resistor SMD 0402 (1005 Metric), square (rectangular) end terminal, IPC_7351 nominal, (Body size source: IPC-SM-782 page 72, https://www.pcb-3d.com/wordpress/wp-content/uploads/ipc-sm-782a_amendment_1_and_2.pdf), generated with kicad-footprint-generator")
    (tags resistor)
    (path /5FE8517F)
    (attr smd)
    (fp_text reference R14 (at -2.51 0 90) (layer F.SilkS)
      (effects (font (size 1 1) (thickness 0.15)))
    )
    (fp_text value 4.7K (at 0 1.17 90) (layer F.Fab)
      (effects (font (size 1 1) (thickness 0.15)))
    )
    (fp_text user %R (at 0 0 90) (layer F.Fab)
      (effects (font (size 0.26 0.26) (thickness 0.04)))
    )
    (fp_line (start -0.525 0.27) (end -0.525 -0.27) (layer F.Fab) (width 0.1))
    (fp_line (start -0.525 -0.27) (end 0.525 -0.27) (layer F.Fab) (width 0.1))
    (fp_line (start 0.525 -0.27) (end 0.525 0.27) (layer F.Fab) (width 0.1))
    (fp_line (start 0.525 0.27) (end -0.525 0.27) (layer F.Fab) (width 0.1))
    (fp_line (start -0.153641 -0.38) (end 0.153641 -0.38) (layer F.SilkS) (width 0.12))
    (fp_line (start -0.153641 0.38) (end 0.153641 0.38) (layer F.SilkS) (width 0.12))
    (fp_line (start -0.93 0.47) (end -0.93 -0.47) (layer F.CrtYd) (width 0.05))
    (fp_line (start -0.93 -0.47) (end 0.93 -0.47) (layer F.CrtYd) (width 0.05))
    (fp_line (start 0.93 -0.47) (end 0.93 0.47) (layer F.CrtYd) (width 0.05))
    (fp_line (start 0.93 0.47) (end -0.93 0.47) (layer F.CrtYd) (width 0.05))
    (pad 2 smd roundrect (at 0.51 0 270) (size 0.54 0.64) (layers F.Cu F.Paste F.Mask) (roundrect_rratio 0.25)
      (net 48 I2C2_SDA))
    (pad 1 smd roundrect (at -0.51 0 270) (size 0.54 0.64) (layers F.Cu F.Paste F.Mask) (roundrect_rratio 0.25)
      (net 38 VCC))
    (model ${KISYS3DMOD}/Resistor_SMD.3dshapes/R_0402_1005Metric.wrl
      (at (xyz 0 0 0))
      (scale (xyz 1 1 1))
      (rotate (xyz 0 0 0))
    )
  )

  (module Resistor_SMD:R_0402_1005Metric (layer F.Cu) (tedit 5F68FEEE) (tstamp 5FCF0178)
    (at 187.4 79.75 270)
    (descr "Resistor SMD 0402 (1005 Metric), square (rectangular) end terminal, IPC_7351 nominal, (Body size source: IPC-SM-782 page 72, https://www.pcb-3d.com/wordpress/wp-content/uploads/ipc-sm-782a_amendment_1_and_2.pdf), generated with kicad-footprint-generator")
    (tags resistor)
    (path /5FDE624D)
    (attr smd)
    (fp_text reference R13 (at 0 -1.17 90) (layer F.SilkS)
      (effects (font (size 1 1) (thickness 0.15)))
    )
    (fp_text value 0R (at 0 1.17 90) (layer F.Fab)
      (effects (font (size 1 1) (thickness 0.15)))
    )
    (fp_text user %R (at 0 0 90) (layer F.Fab)
      (effects (font (size 0.26 0.26) (thickness 0.04)))
    )
    (fp_line (start -0.525 0.27) (end -0.525 -0.27) (layer F.Fab) (width 0.1))
    (fp_line (start -0.525 -0.27) (end 0.525 -0.27) (layer F.Fab) (width 0.1))
    (fp_line (start 0.525 -0.27) (end 0.525 0.27) (layer F.Fab) (width 0.1))
    (fp_line (start 0.525 0.27) (end -0.525 0.27) (layer F.Fab) (width 0.1))
    (fp_line (start -0.153641 -0.38) (end 0.153641 -0.38) (layer F.SilkS) (width 0.12))
    (fp_line (start -0.153641 0.38) (end 0.153641 0.38) (layer F.SilkS) (width 0.12))
